Sample index: 185
Missing ratio: 0.3
mse: 29.763105392456055
rmse: 5.4555572943977095
mae: 3.2869768142700195
mape: 19.495349884033203
